,librarian,lawyer,scientist,educator,homemaker,entertainment,marketing,other,student,salesman,retired,doctor,technician,programmer,artist,administrator,none,healthcare,engineer,writer,executive
Action,484,172,281,1116,47,253,242,1379,3356,138,142,65,559,1327,292,987,190,244,1177,616,467
Adventure,255,95,140,647,23,123,120,754,1778,66,82,33,291,710,171,545,99,132,692,327,256
Animation,91,26,38,156,4,33,37,245,507,8,21,9,74,185,63,130,28,31,194,93,55
Children,138,47,60,301,10,36,61,435,857,22,50,13,103,283,99,232,51,65,290,164,112
Comedy,819,256,275,1550,31,263,239,1531,3468,136,271,95,522,1270,352,1174,151,209,1229,692,413
Crime,220,70,119,452,12,125,85,477,1128,55,87,25,152,406,124,335,41,78,364,279,164
Documentary,30,8,13,77,1,17,6,39,79,1,8,7,19,34,25,34,1,12,31,29,6
Drama,1565,364,611,2861,61,463,465,2662,4882,234,405,160,817,1834,620,2050,189,466,1881,1209,806
Fantasy,22,7,8,57,0,8,11,65,125,4,11,1,14,57,12,47,6,11,47,29,17
Film-Noir,71,32,29,153,2,32,31,93,180,9,34,8,31,99,52,110,7,21,102,92,36
Horror,86,43,36,194,5,76,45,234,677,23,31,10,83,187,52,190,37,40,177,187,74
Musical,108,51,49,279,6,30,47,326,582,18,54,12,91,214,80,201,27,57,229,141,75
Mystery,184,56,78,349,17,72,74,335,589,26,60,22,109,220,106,248,21,56,218,198,120
Romance,695,184,266,1289,35,178,194,1237,2517,104,162,83,386,848,296,966,105,186,867,522,321
Sci-Fi,263,79,179,590,13,167,118,680,1696,55,76,31,318,713,197,541,94,110,689,341,241
Thriller,525,169,249,1024,49,272,220,1235,2800,121,159,80,421,1018,270,898,175,220,905,661,454
War,290,101,170,711,15,116,147,674,1174,53,85,38,254,531,155,553,43,107,568,252,212
Western,49,22,13,129,0,18,16,102,225,11,18,3,47,104,20,97,6,17,91,47,29
