,10s,40s,20s,30s,60s,70s,50s
Action,1258,1953,5628,3399,254,32,1010
Adventure,643,1133,2951,1929,147,18,518
Animation,216,245,872,555,28,5,107
Children,385,515,1292,943,74,10,210
Comedy,1230,2143,5964,3934,427,59,1189
Crime,411,652,2006,1140,146,9,434
Documentary,35,86,169,117,18,0,52
Drama,1732,4128,8859,6388,827,68,2603
Fantasy,54,101,202,137,18,2,45
Film-Noir,53,233,377,341,53,3,164
Horror,300,256,1097,606,46,2,180
Musical,226,408,1011,718,97,6,211
Mystery,236,561,1050,798,106,12,395
Romance,885,1834,4315,3020,311,46,1030
Sci-Fi,613,1025,3028,1892,125,17,491
Thriller,1093,1767,4766,2945,283,30,1041
War,409,1079,2177,1697,188,20,679
Western,71,185,366,282,34,3,123
