,West,Other,South,Midwest,North-East
Action,3420,609,3146,3892,2467
Adventure,1879,292,1644,2127,1397
Animation,590,48,417,574,399
Children,962,98,732,948,689
Comedy,3882,488,3170,4229,3177
Crime,1242,214,1097,1294,951
Documentary,144,13,95,118,107
Drama,6330,953,5653,6330,5339
Fantasy,154,19,117,156,113
Film-Noir,318,38,254,311,303
Horror,591,111,557,728,500
Musical,700,70,554,730,623
Mystery,804,126,755,816,657
Romance,2790,429,2621,3218,2383
Sci-Fi,1861,307,1576,2066,1381
Thriller,2996,553,2726,3381,2269
War,1560,235,1465,1691,1298
Western,259,49,254,273,229
