,Midwest,West,North-East,South,Other
Action,3892,3420,2467,3146,609
Adventure,2127,1879,1397,1644,292
Animation,574,590,399,417,48
Children,948,962,689,732,98
Comedy,4229,3882,3177,3170,488
Crime,1294,1242,951,1097,214
Documentary,118,144,107,95,13
Drama,6330,6330,5339,5653,953
Fantasy,156,154,113,117,19
Film-Noir,311,318,303,254,38
Horror,728,591,500,557,111
Musical,730,700,623,554,70
Mystery,816,804,657,755,126
Romance,3218,2790,2383,2621,429
Sci-Fi,2066,1861,1381,1576,307
Thriller,3381,2996,2269,2726,553
War,1691,1560,1298,1465,235
Western,273,259,229,254,49
