,50s,20s,40s,70s,60s,30s,10s
Action,180,1091,467,3,1,809,356
Adventure,87,644,261,0,0,481,231
Animation,24,231,64,0,0,165,102
Children,43,441,157,0,0,293,200
Comedy,352,1533,548,13,0,1249,419
Crime,89,375,187,4,1,297,70
Documentary,14,36,27,0,0,30,6
Drama,695,2218,1258,19,11,1886,545
Fantasy,8,52,27,0,0,38,26
Film-Noir,22,70,61,1,0,87,8
Horror,28,238,53,0,0,146,96
Musical,45,317,133,0,0,242,114
Mystery,77,233,158,2,1,222,58
Romance,319,1253,559,11,5,1037,346
Sci-Fi,79,543,208,1,0,422,170
Thriller,191,990,463,4,1,790,301
War,136,478,282,2,1,388,125
Western,19,61,38,0,0,81,12
