occupation,1920s,1930s,1940s,1950s,1960s,1970s,1980s,1990s
administrator,0,30,48,93,74,115,198,1191
artist,0,7,15,15,27,34,63,311
educator,0,47,57,88,91,108,204,986
engineer,0,5,4,4,5,10,22,53
entertainment,0,0,0,1,2,7,18,70
executive,0,4,2,7,13,15,19,81
healthcare,0,16,21,32,44,47,86,428
homemaker,0,1,1,0,0,3,2,121
lawyer,0,0,0,0,0,1,0,38
librarian,0,29,65,96,74,106,211,1043
marketing,0,4,6,13,8,13,17,182
none,0,0,1,4,4,11,14,182
other,0,44,56,84,84,141,279,1279
programmer,0,4,8,23,15,23,41,133
retired,0,0,0,0,0,2,3,23
salesman,0,2,2,1,10,16,51,162
scientist,0,2,2,1,1,7,7,44
student,1,42,55,71,114,165,319,2527
technician,0,0,0,0,0,3,0,44
writer,2,41,50,72,69,101,154,829
