,engineer,scientist,educator,librarian,executive,homemaker,entertainment,lawyer,none,student,marketing,administrator,doctor,programmer,writer,other,artist,technician,healthcare,retired,salesman
Action,1130,277,1083,471,399,33,203,172,190,3316,242,958,65,1251,588,1322,274,543,244,142,138
Adventure,670,139,632,248,220,12,105,95,99,1758,120,532,33,677,318,729,165,285,132,82,66
Animation,191,38,156,89,47,1,32,26,28,502,37,130,9,185,90,243,62,65,31,21,8
Children,285,60,299,135,91,4,36,47,51,849,61,227,13,283,161,430,96,95,65,50,22
Comedy,1171,273,1510,808,366,16,223,256,151,3415,239,1159,95,1256,666,1494,340,495,209,271,136
Crime,340,116,438,215,151,12,106,70,41,1108,85,325,25,394,257,463,114,138,78,87,55
Documentary,30,13,77,30,6,1,17,8,1,78,6,34,7,34,28,39,24,15,12,8,1
Drama,1753,597,2794,1544,758,42,406,364,189,4821,465,1982,160,1807,1121,2594,588,746,466,405,234
Fantasy,45,8,56,22,15,0,8,7,6,123,11,46,1,56,28,64,11,14,11,11,4
Film-Noir,98,28,146,69,35,2,28,32,7,177,31,107,8,97,88,92,51,28,21,34,9
Horror,171,35,187,78,70,5,61,43,37,669,45,185,10,179,176,225,48,79,40,31,23
Musical,225,49,272,105,66,2,28,51,27,577,47,198,12,213,138,324,78,84,57,54,18
Mystery,210,74,339,180,105,16,63,56,21,579,74,241,22,219,184,329,98,99,56,60,26
Romance,818,262,1262,685,287,16,151,184,105,2476,194,943,83,827,497,1203,284,365,186,162,104
Sci-Fi,663,176,574,254,211,9,136,79,94,1673,118,529,31,682,327,665,186,309,110,76,55
Thriller,855,242,994,514,394,42,217,169,175,2757,220,864,80,982,618,1193,248,400,220,159,121
War,539,167,697,282,197,9,101,101,43,1160,147,524,38,515,242,654,150,242,107,85,53
Western,87,13,124,46,24,0,14,22,6,225,16,92,3,97,44,95,20,44,17,18,11
