,New York,North Dakota,Texas,Minnesota,Iowa,Alaska,Massachusetts,Michigan,South Carolina,Utah,Nevada,Maine,Nebraska,Montana,Alabama,Mississippi,Missouri,Idaho,Delaware,Pennsylvania,Rhode Island,Connecticut,Kentucky,Kansas,Tennessee,Wyoming,Georgia,Hawaii,Washington,North Carolina,New Hampshire,Louisiana,Oregon,Illinois,Florida,Arizona,District of Columbia,Virginia,New Jersey,Vermont,Ohio,New Mexico,Wisconsin,Maryland,West Virginia,Arkansas,Colorado,South Dakota,Oklahoma,Indiana,California
Action,720,36,699,1132,213,60,446,274,211,159,64,7,73,15,49,64,338,238,11,410,47,233,201,82,138,1,252,56,256,319,166,72,209,708,278,199,116,287,222,100,574,133,278,387,41,4,295,9,133,175,1851
Adventure,391,15,342,637,121,39,264,155,109,80,32,5,36,12,18,33,177,120,8,231,24,143,106,40,72,0,140,31,155,177,100,34,112,354,161,89,67,150,122,50,310,69,173,203,17,1,171,4,73,105,1039
Animation,111,1,84,172,39,7,69,44,27,26,1,7,5,7,5,5,53,33,2,76,12,22,14,4,29,0,35,4,45,46,32,15,41,110,44,24,32,38,31,7,66,16,46,55,5,0,58,3,13,31,339
Children,209,1,161,270,58,16,108,66,43,45,5,4,14,3,5,9,90,59,4,105,21,55,36,4,27,0,62,13,78,81,56,24,58,156,89,32,61,66,61,9,131,26,110,93,5,0,105,3,27,45,551
Comedy,925,17,658,1139,330,55,583,413,200,147,62,49,105,41,36,46,386,268,11,576,46,288,149,63,178,4,318,36,376,290,189,116,213,752,275,247,225,382,241,55,488,106,346,369,17,3,386,13,122,177,2032
Crime,330,19,230,349,94,22,167,105,85,57,11,3,15,12,14,16,107,79,6,166,18,70,43,36,84,4,113,12,111,97,43,36,76,273,76,71,58,111,73,23,158,30,82,123,12,0,76,6,51,50,715
Documentary,43,0,23,31,14,5,13,7,10,3,1,3,2,2,1,0,13,5,0,20,1,7,0,3,7,1,8,0,17,7,2,6,14,26,4,10,12,7,6,0,11,0,8,14,1,0,6,1,7,2,85
Drama,1694,35,1226,1703,438,134,1027,633,377,233,43,40,139,73,80,59,561,347,26,872,113,488,169,149,339,20,642,50,707,492,215,220,497,1176,426,284,382,610,430,78,802,88,459,622,46,4,575,17,315,218,3463
Fantasy,37,0,18,36,9,3,19,12,7,6,2,2,5,0,2,1,13,10,0,16,1,13,5,1,2,0,14,4,12,17,7,1,9,27,13,4,5,9,11,2,32,7,14,19,1,0,21,0,8,7,83
Film-Noir,106,2,53,76,21,1,69,27,24,5,2,0,4,7,3,3,20,22,2,39,3,29,9,7,26,0,26,1,32,23,18,8,24,75,13,11,19,30,17,3,32,4,30,22,3,0,15,0,9,17,196
Horror,169,8,103,185,49,10,63,51,31,11,4,1,7,2,14,7,70,39,1,84,10,38,23,28,67,0,59,11,44,58,42,15,29,148,50,29,33,59,53,7,88,32,53,50,7,0,46,0,13,41,355
Musical,185,3,118,204,41,12,115,68,37,29,8,7,9,5,4,6,67,48,2,89,19,62,23,5,35,0,41,6,53,55,40,27,38,135,52,25,62,67,39,5,85,14,75,69,7,0,59,3,11,35,421
Mystery,209,6,157,193,46,16,141,82,42,31,7,2,9,14,17,7,70,51,6,94,9,64,33,17,54,1,79,3,75,69,30,17,55,175,67,31,45,91,50,13,112,13,68,75,5,1,59,0,35,38,467
Romance,724,14,607,846,241,57,470,313,146,108,36,28,125,34,34,46,311,164,14,393,50,215,94,54,120,5,256,25,291,236,124,94,193,532,244,116,175,288,170,34,401,52,238,304,18,5,287,6,115,137,1504
Sci-Fi,412,23,308,648,123,39,254,155,104,73,32,6,38,9,27,23,158,131,6,238,20,134,91,26,88,0,149,34,165,176,90,32,135,366,150,104,65,143,119,43,271,75,149,197,19,2,152,4,61,105,985
Thriller,714,30,597,938,200,52,415,252,178,133,28,5,60,25,66,61,320,198,9,364,39,206,132,90,159,1,241,40,231,252,118,61,181,666,226,169,123,276,197,88,458,89,224,312,27,3,258,2,126,141,1683
War,355,10,314,487,87,29,306,153,94,63,18,7,40,17,19,12,144,92,5,194,20,153,56,27,84,2,123,10,170,147,61,47,133,298,124,61,75,174,96,31,231,27,137,178,19,1,150,3,68,74,827
Western,64,1,52,69,11,1,39,37,21,12,4,4,3,3,0,3,25,22,0,29,3,32,16,2,13,0,26,2,29,21,21,9,14,46,14,8,11,35,22,4,40,5,26,28,2,0,21,0,14,13,141
