,Teenage,Twenties,Forties,Thirties,Over fifty
Action,1268,5416,1925,3183,1249
Adventure,650,2861,1123,1822,661
Animation,217,860,236,541,137
Children,389,1273,507,907,284
Comedy,1243,5808,2103,3753,1642
Crime,411,1917,632,1084,574
Documentary,35,165,82,117,70
Drama,1741,8537,4033,6114,3411
Fantasy,55,195,101,134,62
Film-Noir,53,366,229,324,216
Horror,300,1054,252,569,222
Musical,228,998,400,692,307
Mystery,237,1010,546,756,502
Romance,894,4164,1800,2885,1351
Sci-Fi,621,2928,1014,1780,614
Thriller,1097,4577,1732,2750,1308
War,413,2105,1062,1624,849
Western,72,355,181,257,153
