,scientist,salesman,retired,marketing,writer,other,healthcare,executive,lawyer,none,student,administrator,entertainment,programmer,technician,doctor,artist,librarian,homemaker,educator,engineer
Action,264,76,139,195,328,1011,81,432,157,126,2611,686,219,1246,544,65,184,258,3,855,1147
Adventure,134,31,82,102,150,527,45,243,93,63,1301,366,107,675,281,33,115,128,1,484,674
Animation,36,3,21,28,41,139,4,52,26,19,332,73,31,180,71,9,47,37,0,108,185
Children,56,8,50,42,41,264,13,104,45,34,495,147,31,273,97,13,64,48,0,194,276
Comedy,256,84,258,186,331,909,52,388,249,91,2474,651,240,1215,505,95,236,320,4,1085,1203
Crime,114,35,83,65,178,334,27,154,68,27,927,199,117,371,148,25,77,107,3,357,359
Documentary,13,0,8,3,17,23,1,6,7,1,67,19,15,30,19,7,20,13,0,64,31
Drama,578,114,386,332,637,1738,147,737,345,117,3512,1169,413,1748,802,160,398,721,8,2073,1838
Fantasy,8,1,11,9,6,47,4,16,7,5,82,32,6,56,13,1,7,10,0,41,46
Film-Noir,29,5,33,26,57,68,10,32,31,3,154,77,32,84,30,8,45,30,1,121,99
Horror,34,8,31,43,103,160,13,69,40,28,492,155,76,175,80,10,29,51,1,155,173
Musical,46,6,54,33,52,176,12,63,51,16,363,112,30,205,89,12,54,42,1,191,218
Mystery,78,17,58,54,113,247,25,110,52,13,458,159,69,199,106,22,70,79,3,261,214
Romance,249,52,151,125,228,766,49,301,171,50,1677,509,152,796,378,83,187,299,3,843,842
Sci-Fi,167,23,75,102,192,501,40,230,76,66,1353,373,148,672,306,31,128,150,2,461,672
Thriller,237,64,155,177,381,912,79,410,155,105,2147,611,257,937,408,80,169,248,6,756,891
War,161,28,83,118,134,476,40,203,98,28,880,379,98,499,251,38,103,136,0,531,553
Western,12,6,18,14,31,74,6,24,22,2,189,69,15,100,47,3,16,24,0,93,88
