,70s,30s,50s,60s,10s,40s,20s
Action,29,2590,830,253,902,1486,4537
Adventure,18,1448,431,147,412,872,2307
Animation,5,390,83,28,114,181,641
Children,10,650,167,74,185,358,851
Comedy,46,2685,837,427,811,1595,4431
Crime,5,843,345,145,341,465,1631
Documentary,0,87,38,18,29,59,133
Drama,49,4502,1908,816,1187,2870,6641
Fantasy,2,99,37,18,28,74,150
Film-Noir,2,254,142,53,45,172,307
Horror,2,460,152,46,204,203,859
Musical,6,476,166,97,112,275,694
Mystery,10,576,318,105,178,403,817
Romance,35,1983,711,306,539,1275,3062
Sci-Fi,16,1470,412,125,443,817,2485
Thriller,26,2155,850,282,792,1304,3776
War,18,1309,543,187,284,797,1699
Western,3,201,104,34,59,147,305
