,North-East,Other,West,South,Midwest
Action,1974,521,2704,2385,3043
Adventure,1128,245,1436,1215,1611
Animation,286,39,424,276,417
Children,477,75,638,465,640
Comedy,2287,405,2809,2292,3039
Crime,728,189,1003,856,999
Documentary,77,10,108,78,91
Drama,3820,803,4753,4216,4381
Fantasy,87,16,110,81,114
Film-Noir,248,37,253,199,238
Horror,385,96,472,441,532
Musical,438,55,470,370,493
Mystery,511,104,621,581,590
Romance,1625,350,1964,1850,2122
Sci-Fi,1121,268,1518,1226,1635
Thriller,1783,457,2348,2025,2572
War,1018,207,1221,1137,1254
Western,183,45,211,201,213
