20s,30s,40s,50s,60s,70s,80s,90s
3,86,152,246,231,335,594,2631
2,38,66,80,87,120,229,696
0,8,13,17,11,24,35,231
4,159,227,359,337,452,790,3329
2,86,144,203,222,402,721,2391
1,13,24,42,32,73,128,605
0,28,50,90,94,130,207,1014
1,32,38,60,62,74,122,596
0,1,1,0,0,1,2,91
1,31,45,62,53,72,119,486
2,44,93,142,130,198,391,1886
0,24,39,52,70,96,140,581
0,2,6,8,11,23,45,481
1,127,170,261,234,388,686,3791
1,65,100,185,200,375,722,2742
2,23,40,78,59,77,110,467
0,2,6,7,18,38,80,352
0,21,36,45,53,121,189,706
4,132,214,289,435,777,1540,8533
0,30,50,84,81,148,300,1127
6,68,93,142,149,211,333,1584
